function [ v, f, col ] = getHumanoidCoordinates()
% Returns the coordinates of Humanoid toy
v = [0.2, 0.3, 0.05; % torso
    -0.2, 0.3, 0.05;
    -0.2, 0.1, 0.1;
    0.2, 0.3, 0.05;
    0.2, 0.1, 0.1;
    -0.2, 0.1, 0.1;
    -0.2, 0.3, 0.05;
    -0.17, -0.3, 0.05;
    -0.17, -0.3, -0.05;
    -0.2, 0.3, 0.05;
    -0.2, 0.3, -0.05;
    -0.17, -0.3, -0.05;
    0.2, 0.3, 0.05;
    0.2, 0.3, -0.05;
    -0.2, 0.3, -0.05;
    0.2, 0.3, 0.05;
    -0.2, 0.3, 0.05;
    -0.2, 0.3, -0.05;
    0.2, 0.3, -0.05;
    -0.2, 0.3, -0.05;
    -0.17, -0.3, -0.05;
    0.2, 0.3, -0.05;
    0.17, -0.3, -0.05;
    -0.17, -0.3, -0.05;
    0.2, 0.3, 0.05;
    0.17, -0.3, 0.05;
    0.17, -0.3, -0.05;
    0.2, 0.3, 0.05;
    0.2, 0.3, -0.05;
    0.17, -0.3, -0.05;
    0.17, -0.3, 0.05;
    0.17, -0.3, -0.05;
    -0.17, -0.3, -0.05;
    0.17, -0.3, 0.05;
    -0.17, -0.3, 0.05;
    -0.17, -0.3, -0.05;
    0.2, 0.1, 0.1;
    -0.2, 0.1, 0.1;
    -0.17, -0.3, 0.05;
    0.2, 0.1, 0.1;
    0.17, -0.3, 0.05;
    -0.17, -0.3, 0.05;
    -0.2, 0.3, 0.05;
    -0.2, 0.1, 0.1;
    -0.17, -0.3, 0.05;
    0.2, 0.3, 0.05;
    0.2, 0.1, 0.1;
    0.17, -0.3, 0.05;
    0.09, 0.48, 0.12; % head
    -0.09, 0.48, 0.12;
    -0.07, 0.3, 0.12;
    0.09, 0.48, 0.12;
    0.07, 0.3, 0.12;
    -0.07, 0.3, 0.12;
    -0.09, 0.48, 0.12;
    -0.07, 0.3, 0.12;
    -0.07, 0.3, -0.07;
    -0.09, 0.48, 0.12;
    -0.09, 0.48, -0.07;
    -0.07, 0.3, -0.07;
    0.09, 0.48, 0.12;
    0.09, 0.48, -0.07;
    -0.09, 0.48, -0.07;
    0.09, 0.48, 0.12;
    -0.09, 0.48, 0.12;
    -0.09, 0.48, -0.07;
    0.09, 0.48, -0.07;
    -0.09, 0.48, -0.07;
    -0.07, 0.3, -0.07;
    0.09, 0.48, -0.07;
    0.07, 0.3, -0.07;
    -0.07, 0.3, -0.07;
    0.09, 0.48, 0.12;
    0.07, 0.3, 0.12;
    0.07, 0.3, -0.07;
    0.09, 0.48, 0.12;
    0.09, 0.48, -0.07;
    0.07, 0.3, -0.07;
    0.07, 0.3, 0.12;
    0.07, 0.3, -0.07;
    -0.07, 0.3, -0.07;
    0.07, 0.3, 0.12;
    -0.07, 0.3, 0.12;
    -0.07, 0.3, -0.07;
    -0.04, 0.35, 0.13001;
    0.04, 0.35, 0.13001;
    0.0, 0.33, 0.13001;
    -0.05, 0.42, 0.13001;
    -0.03, 0.42, 0.13001;
    -0.04, 0.41, 0.13001;
    0.05, 0.42, 0.13001;
    0.03, 0.42, 0.13001;
    0.04, 0.41, 0.13001;
    0.2, 0.2, 0.05; % right upper arm
    0.2, 0.3, 0.05;
    0.5, 0.3, 0.05;
    0.2, 0.2, 0.05;
    0.5, 0.2, 0.05;
    0.5, 0.3, 0.05;
    0.2, 0.2, 0.05;
    0.2, 0.3, 0.05;
    0.2, 0.3, -0.05;
    0.2, 0.2, 0.05;
    0.2, 0.2, -0.05;
    0.2, 0.3, -0.05;
    0.2, 0.3, 0.05;
    0.2, 0.3, -0.05;
    0.5, 0.3, -0.05;
    0.2, 0.3, 0.05;
    0.5, 0.3, 0.05;
    0.5, 0.3, -0.05;
    0.2, 0.2, -0.05;
    0.2, 0.3, -0.05;
    0.5, 0.3, -0.05;
    0.2, 0.2, -0.05;
    0.5, 0.2, -0.05;
    0.5, 0.3, -0.05;
    0.5, 0.2, 0.05;
    0.5, 0.3, 0.05;
    0.5, 0.3, -0.05;
    0.5, 0.2, 0.05;
    0.5, 0.2, -0.05;
    0.5, 0.3, -0.05;
    0.2, 0.2, 0.05;
    0.2, 0.2, -0.05;
    0.5, 0.2, -0.05;
    0.2, 0.2, 0.05;
    0.5, 0.2, 0.05;
    0.5, 0.2, -0.05;
    0.5, 0.2, 0.05; % right lower arm
    0.5, -0.1, 0.05;
    0.6, -0.1, 0.05;
    0.5, 0.2, 0.05;
    0.6, 0.2, 0.05;
    0.6, -0.1, 0.05;
    0.6, 0.2, 0.05;
    0.6, -0.1, 0.05;
    0.6, -0.1, -0.05;
    0.6, 0.2, 0.05;
    0.6, 0.2, -0.05;
    0.6, -0.1, -0.05;
    0.5, 0.2, 0.05;
    0.6, 0.2, 0.05;
    0.6, 0.2, -0.05;
    0.5, 0.2, 0.05;
    0.5, 0.2, -0.05;
    0.6, 0.2, -0.05;
    0.5, 0.2, -0.05;
    0.5, -0.1, -0.05;
    0.6, -0.1, -0.05;
    0.5, 0.2, -0.05;
    0.6, 0.2, -0.05;
    0.6, -0.1, -0.05;
    0.5, 0.2, 0.05;
    0.5, -0.1, 0.05;
    0.5, -0.1, -0.05;
    0.5, 0.2, 0.05;
    0.5, 0.2, -0.05;
    0.5, -0.1, -0.05;
    0.5, -0.1, 0.05;
    0.6, -0.1, 0.05;
    0.6, -0.1, -0.05;
    0.5, -0.1, 0.05;
    0.5, -0.1, -0.05;
    0.6, -0.1, -0.05;
    0.05, -0.3, 0.05; %right thigh
    0.05, -0.6, 0.05;
    0.15, -0.6, 0.05;
    0.05, -0.3, 0.05;
    0.15, -0.3, 0.05;
    0.15, -0.6, 0.05;
    0.05, -0.3, 0.05;
    0.05, -0.3, -0.05;
    0.15, -0.3, -0.05;
    0.05, -0.3, 0.05;
    0.15, -0.3, 0.05;
    0.15, -0.3, -0.05;
    0.05, -0.3, 0.05;
    0.05, -0.3, -0.05;
    0.05, -0.6, -0.05;
    0.05, -0.3, 0.05;
    0.05, -0.6, 0.05;
    0.05, -0.6, -0.05;
    0.05, -0.3, -0.05;
    0.05, -0.6, -0.05;
    0.15, -0.6, -0.05;
    0.05, -0.3, -0.05;
    0.15, -0.3, -0.05;
    0.15, -0.6, -0.05;
    0.05, -0.6, 0.05;
    0.05, -0.6, -0.05;
    0.15, -0.6, -0.05;
    0.05, -0.6, 0.05;
    0.15, -0.6, 0.05;
    0.15, -0.6, -0.05;
    0.15, -0.3, 0.05;
    0.15, -0.3, -0.05;
    0.15, -0.6, -0.05;
    0.15, -0.3, 0.05;
    0.15, -0.6, 0.05;
    0.15, -0.6, -0.05;
    0.05, -0.6, 0.05; % right leg
    0.05, -0.9, 0.05;
    0.15, -0.9, 0.05;
    0.05, -0.6, 0.05;
    0.15, -0.6, 0.05;
    0.15, -0.9, 0.05;
    0.05, -0.6, 0.05;
    0.05, -0.6, -0.05;
    0.15, -0.6, -0.05;
    0.05, -0.6, 0.05;
    0.15, -0.6, 0.05;
    0.15, -0.6, -0.05;
    0.05, -0.6, 0.05;
    0.05, -0.6, -0.05;
    0.05, -0.9, -0.05;
    0.05, -0.6, 0.05;
    0.05, -0.9, 0.05;
    0.05, -0.9, -0.05;
    0.05, -0.6, -0.05;
    0.05, -0.9, -0.05;
    0.15, -0.9, -0.05;
    0.05, -0.6, -0.05;
    0.15, -0.6, -0.05;
    0.15, -0.9, -0.05;
    0.05, -0.9, 0.05;
    0.05, -0.9, -0.05;
    0.15, -0.9, -0.05;
    0.05, -0.9, 0.05;
    0.15, -0.9, 0.05;
    0.15, -0.9, -0.05;
    0.15, -0.6, 0.05;
    0.15, -0.6, -0.05;
    0.15, -0.9, -0.05;
    0.15, -0.6, 0.05;
    0.15, -0.9, 0.05;
    0.15, -0.9, -0.05;
    -0.2, 0.2, 0.05; % left arm
    -0.2, 0.3, 0.05;
    -0.5, 0.3, 0.05;
    -0.2, 0.2, 0.05;
    -0.5, 0.2, 0.05;
    -0.5, 0.3, 0.05;
    -0.2, 0.2, 0.05;
    -0.2, 0.3, 0.05;
    -0.2, 0.3, -0.05;
    -0.2, 0.2, 0.05;
    -0.2, 0.2, -0.05;
    -0.2, 0.3, -0.05;
    -0.2, 0.3, 0.05;
    -0.2, 0.3, -0.05;
    -0.5, 0.3, -0.05;
    -0.2, 0.3, 0.05;
    -0.5, 0.3, 0.05;
    -0.5, 0.3, -0.05;
    -0.2, 0.2, -0.05;
    -0.2, 0.3, -0.05;
    -0.5, 0.3, -0.05;
    -0.2, 0.2, -0.05;
    -0.5, 0.2, -0.05;
    -0.5, 0.3, -0.05;
    -0.5, 0.2, 0.05;
    -0.5, 0.3, 0.05;
    -0.5, 0.3, -0.05;
    -0.5, 0.2, 0.05;
    -0.5, 0.2, -0.05;
    -0.5, 0.3, -0.05;
    -0.2, 0.2, 0.05;
    -0.2, 0.2, -0.05;
    -0.5, 0.2, -0.05;
    -0.2, 0.2, 0.05;
    -0.5, 0.2, 0.05;
    -0.5, 0.2, -0.05;
    -0.5, 0.2, 0.05; % left lower arm
    -0.5, -0.1, 0.05;
    -0.6, -0.1, 0.05;
    -0.5, 0.2, 0.05;
    -0.6, 0.2, 0.05;
    -0.6, -0.1, 0.05;
    -0.6, 0.2, 0.05;
    -0.6, -0.1, 0.05;
    -0.6, -0.1, -0.05;
    -0.6, 0.2, 0.05;
    -0.6, 0.2, -0.05;
    -0.6, -0.1, -0.05;
    -0.5, 0.2, 0.05;
    -0.6, 0.2, 0.05;
    -0.6, 0.2, -0.05;
    -0.5, 0.2, 0.05;
    -0.5, 0.2, -0.05;
    -0.6, 0.2, -0.05;
    -0.5, 0.2, -0.05;
    -0.5, -0.1, -0.05;
    -0.6, -0.1, -0.05;
    -0.5, 0.2, -0.05;
    -0.6, 0.2, -0.05;
    -0.6, -0.1, -0.05;
    -0.5, 0.2, 0.05;
    -0.5, -0.1, 0.05;
    -0.5, -0.1, -0.05;
    -0.5, 0.2, 0.05;
    -0.5, 0.2, -0.05;
    -0.5, -0.1, -0.05;
    -0.5, -0.1, 0.05;
    -0.6, -0.1, 0.05;
    -0.6, -0.1, -0.05;
    -0.5, -0.1, 0.05;
    -0.5, -0.1, -0.05;
    -0.6, -0.1, -0.05;
    -0.05, -0.3, 0.05; % left thigh
    -0.05, -0.6, 0.05;
    -0.15, -0.6, 0.05; 
    -0.05, -0.3, 0.05; 
    -0.15, -0.3, 0.05; 
    -0.15, -0.6, 0.05; 
    -0.05, -0.3, 0.05; 
    -0.05, -0.3, -0.05;
    -0.15, -0.3, -0.05;
    -0.05, -0.3, 0.05;
    -0.15, -0.3, 0.05; 
    -0.15, -0.3, -0.05;
    -0.05, -0.3, 0.05;
    -0.05, -0.3, -0.05;
    -0.05, -0.6, -0.05;
    -0.05, -0.3, 0.05;
    -0.05, -0.6, 0.05;
    -0.05, -0.6, -0.05;
    -0.05, -0.3, -0.05;
    -0.05, -0.6, -0.05;
    -0.15, -0.6, -0.05;
    -0.05, -0.3, -0.05;
    -0.15, -0.3, -0.05;
    -0.15, -0.6, -0.05;
    -0.05, -0.6, 0.05;
    -0.05, -0.6, -0.05;
    -0.15, -0.6, -0.05;
    -0.05, -0.6, 0.05;
    -0.15, -0.6, 0.05; 
    -0.15, -0.6, -0.05;
    -0.15, -0.3, 0.05;
    -0.15, -0.3, -0.05;
    -0.15, -0.6, -0.05;
    -0.15, -0.3, 0.05;
    -0.15, -0.6, 0.05;
    -0.15, -0.6, -0.05;
    -0.05, -0.6, 0.05; % left leg
    -0.05, -0.9, 0.05;
    -0.15, -0.9, 0.05; 
    -0.05, -0.6, 0.05; 
    -0.15, -0.6, 0.05; 
    -0.15, -0.9, 0.05; 
    -0.05, -0.6, 0.05; 
